tree
version=v4
num_class=1
num_tree_per_iteration=1
label_index=0
max_feature_idx=23
objective=binary sigmoid:1
feature_names=jyo_cd boat_no racer_win_rate motor_2ren boat_2ren exhibition_time tilt temperature water_temperature wind_speed wave_height wind_direction weather racer_win_rate_diff motor_2ren_diff exhibition_time_diff is_course_1 course_advantage is_inner_course is_outer_course wind_course_interaction motor_exhibition_ratio racer_course_win_rate racer_course_advantage
feature_infos=-1:1:2:3:4:7:8:11:17:13:23:14:15:10:12:19:18:20:22:21:6:16:5 -1:2:5:3:4:6:1 [0.80000000000000004:8.4399999999999995] [0:90] [0:90] [6.4800000000000004:7.5899999999999999] [-0.5:3] [2:19] [5:18] [0:10] [0:20] -1:15:13:17:5:3:4:14:12:1:2:11:7:6:10:16:8:9 -1:1:2:3 [-4.0183333333333335:3.1849999999999996] [-46.544999999999995:51.384999999999998] [-0.29666666666666686:0.293333333333333] [0:1] [0.048000000000000001:0.48599999999999999] [0:1] [0:1] [-25:25] [0:12.76595744680851] [0:1] [-0.48599999999999999:0.93100000000000005]
tree_sizes=1788 1644 1513 1530 1527 1543 1541 1851 1762 1562 1764 1771 1435 1537 1741 1439 1441 1866 1762 1776 1550 1575 1552 1625 1443 1529 1449 1872 1755 1234 1539 1655 1335 1666 1360 1654 1579

Tree=0
num_leaves=16
num_cat=0
split_feature=17 13 13 17 13 2 17 13 2 5 3 13 2 13 2
split_gain=1849.61 226.987 152.184 63.3243 59.7644 46.0987 45.3578 42.0917 37.25 24.176 23.5586 17.9033 16.1244 6.19591 5.11234
threshold=0.33150000000000007 0.068333333333333815 0.81916666666666693 0.092000000000000012 1.7575000000000001 4.285000000000001 0.092000000000000012 -0.60249999999999992 5.6150000000000011 6.7950000000000008 30.155000000000005 0.50633333333333319 6.9750000000000005 -0.80916666666666692 3.7650000000000001
decision_type=2 2 2 2 2 2 2 2 2 2 2 2 2 2 2
left_child=2 5 3 13 6 14 -4 -5 9 -3 -7 -10 -6 -1 -2
right_child=1 8 4 7 12 10 -8 -9 11 -11 -12 -13 -14 -15 -16
leaf_value=-1.6840684213842678 -1.5873738565168123 -1.3396558132025342 -1.6446246603516241 -1.6601695745370695 -1.4572028817109826 -1.5131410478887228 -1.5648299602207698 -1.6136801386089308 -1.3674168009519594 -1.4581539212336621 -1.4048914190772763 -1.2850249091212402 -1.5531884400023215 -1.6626942280444126 -1.528649371409988
leaf_weight=118.94145718216896 15.184015810489653 25.025507539510727 67.906292930245399 171.10136334598064 27.696769580245018 18.136463329195976 118.09790074825287 378.89743156731129 20.104761675000191 17.855277851223946 36.975890353322029 77.466599181294441 17.152314156293869 264.87672024965286 21.93246728181839
leaf_count=846 108 178 483 1217 197 129 840 2695 143 127 263 551 122 1884 156
internal_value=-1.59108 -1.39083 -1.63108 -1.64507 -1.57452 -1.48565 -1.59396 -1.62814 -1.32856 -1.389 -1.44051 -1.302 -1.49391 -1.66932 -1.55267
internal_weight=1397.35 232.681 1164.67 933.817 230.853 92.2288 186.004 549.999 140.452 42.8808 55.1124 97.5714 44.8491 383.818 37.1165
internal_count=9939 1655 8284 6642 1642 656 1323 3912 999 305 392 694 319 2730 264
is_linear=0
shrinkage=1


Tree=1
num_leaves=14
num_cat=0
split_feature=22 22 22 2 15 2 22 15 20 22 20 2 16
split_gain=2127.51 343.48 200.002 77.1986 67.3479 44.8967 43.2763 27.5163 13.2859 9.75459 11.1978 0.330718 0.0276941
threshold=0.18575000000000003 0.97260000000000002 0.049650000000000007 5.3550000000000013 -0.016666666666667048 4.285000000000001 0.41430000000000006 -0.0016666666666673711 -0.74999999999999989 1.0000000180025095e-35 1.2500000000000002 5.8450000000000006 1.0000000180025095e-35
decision_type=2 2 2 2 2 2 2 2 2 2 2 2 2
left_child=2 5 9 8 -5 7 -7 -2 -4 12 -11 -3 -1
right_child=1 11 3 4 -6 6 -8 -9 -10 10 -12 -13 -14
leaf_value=-0.092957166885709291 0.12400696504098736 0.38614750603838149 -0.028676171080226409 0.065231519557992751 -0.019453075652089362 0.09274666472769022 0.16799764089169611 0.0033730553702062357 -0.065066979936954414 -0.00178057423700967 -0.076535637486029609 0.37157635481313894 -0.096185731536970617
leaf_weight=413.99026709794998 24.288328617811203 14.492681577801703 103.86159107089043 89.56026417016983 155.56703186035156 60.165656566619873 200.04600484669209 21.640269339084625 146.18165449798107 13.611925721168516 111.22441381216049 26.974161356687546 16.730117529630661
leaf_count=3037 172 92 757 637 1117 414 1278 154 1082 99 828 163 109
internal_value=-0.000294548 0.166543 -0.0554887 -0.0195368 0.0114875 0.138082 0.150598 0.0671676 -0.0499512 -0.0875328 -0.0683845 0.376669 -0.0930826
internal_weight=1398.33 347.607 1050.73 495.171 245.127 306.14 260.212 45.9286 250.043 555.557 124.836 41.4668 430.72
internal_count=9939 2273 7666 3593 1754 2018 1692 326 1839 4073 927 255 3146
is_linear=0
shrinkage=0.077797


Tree=2
num_leaves=13
num_cat=0
split_feature=23 17 23 23 23 23 2 2 14 23 3 3
split_gain=1142.49 601.111 108.314 106.351 92.6903 73.9163 64.5793 39.166 14.629 14.5756 4.44027 1.09987
threshold=1.0000000180025095e-35 0.33150000000000007 -0.47249999999999992 -0.046349999999999988 0.48744999999999999 0.57520000000000004 5.3550000000000013 4.4350000000000014 8.6416666666666693 0.16800000000000001 30.525000000000002 29.090000000000003
decision_type=2 2 2 2 2 2 2 2 2 2 2 2
left_child=1 3 -3 11 8 10 -5 -4 9 -2 -6 -1
right_child=4 2 7 6 5 -7 -8 -9 -10 -11 -12 -13
leaf_value=-0.079782084926928329 0.077179444354268614 -0.094504926930908187 0.04960276307706657 -0.060724359964204014 0.24201876552737411 0.1043866689420086 -0.0092632353921739772 0.14058700106990446 0.19046889680358009 0.13048145049401266 0.28646842822649593 -0.089539386046662561
leaf_weight=90.933694913983345 47.187255144119263 15.742180958390234 37.34888057410717 296.10266190767288 21.725675091147423 22.735048145055771 294.26810783147812 122.74052472412586 16.168745055794716 90.795697584748268 36.375806674361229 302.58597356081009
leaf_count=706 298 109 243 2272 116 143 2130 698 100 561 195 2368
internal_value=-0.000583408 -0.0322785 0.100213 -0.0559562 0.15584 0.223312 -0.0350738 0.11936 0.120457 0.112253 0.269848 -0.0872847
internal_weight=1394.71 1159.72 175.832 983.89 234.988 80.8365 590.371 160.089 154.152 137.983 58.1015 393.52
internal_count=9939 8526 1050 7476 1413 454 4402 941 959 859 311 3074
is_linear=0
shrinkage=0.077797


Tree=3
num_leaves=13
num_cat=0
split_feature=17 23 23 23 23 17 15 15 17 23 21 5
split_gain=911.855 476.922 124.921 104.051 77.6593 55.6715 28.9593 18.3522 16.4056 14.8549 1.30492 0.0231272
threshold=0.33150000000000007 0.022200000000000008 0.5082000000000001 -0.046349999999999988 -0.44239999999999996 0.092000000000000012 -0.024999999999999908 -0.013333333333334084 0.092000000000000012 0.4205000000000001 4.3714460128951549 6.7750000000000012
decision_type=2 2 2 2 2 2 2 2 2 2 2 2
left_child=1 3 4 10 -2 -5 9 -6 -8 -3 -1 -4
right_child=2 6 11 5 7 -7 8 -9 -10 -11 -12 -13
leaf_value=-0.078302615281789167 -0.069391379361432623 0.12093723567877497 0.23014409504540442 -0.062719811421900265 0.12743998495703868 -0.013402373368061089 0.014708256623040549 0.084588607121408824 0.096786957372931179 0.21384860367451244 -0.088680061242901731 0.23358163884600064
leaf_weight=100.81435195356607 16.130886450409889 27.384572297334671 28.632248714566231 230.02449224889278 126.17422777414322 348.30386239290237 18.871029809117317 116.19657172262669 67.305931359529495 16.807007864117622 269.08879960328341 20.204111158847809
leaf_count=830 117 169 128 1817 679 2598 121 640 409 96 2244 91
internal_value=-0.000762017 -0.0344467 0.117454 -0.0536283 0.0958957 -0.0330179 0.10507 0.106896 0.0788134 0.156273 -0.0858518 0.231566
internal_weight=1385.94 1078.6 307.338 948.232 258.502 578.328 130.369 242.371 86.177 44.1916 369.903 48.8364
internal_count=9939 8284 1655 7489 1436 4415 795 1319 530 265 3074 219
is_linear=0
shrinkage=0.077797


Tree=4
num_leaves=13
num_cat=0
split_feature=17 23 23 23 13 13 13 15 2 23 21 13
split_gain=750.332 403.377 101.016 96.3446 71.8044 53.5291 27.4844 18.8697 12.618 12.0973 1.35226 0.185081
threshold=0.33150000000000007 0.022200000000000008 -0.046349999999999988 0.5082000000000001 0.98749999999999993 0.078333333333332714 -0.62083333333333346 -0.0050000000000003366 4.285000000000001 -0.062549999999999981 4.3714460128951549 0.71750000000000036
decision_type=2 2 2 2 2 2 2 2 2 2 2 2
left_child=1 2 10 5 -4 8 -3 -8 -2 -7 -1 -5
right_child=3 6 4 11 -6 9 7 -9 -10 -11 -12 -13
leaf_value=-0.076613096856620974 0.008014524809610896 0.0015483333413714509 -0.043580096274005657 0.20538066663361576 0.030933386804624263 0.065586521802752054 0.13273031343405725 0.070818910108663272 0.062583814790380596 0.1226013627678131 -0.087493530141451087 0.19595160177172374
leaf_weight=95.244165256619453 40.512504011392593 18.025182545185089 471.29801730066538 21.399887263774872 93.860227458178997 27.108891531825066 65.499604493379593 54.65972526371479 69.887950055301189 133.16476444900036 252.19012930244207 30.637794926762581
leaf_count=830 256 112 3735 91 680 150 363 320 374 656 2244 128
internal_value=-0.000876431 -0.0327425 -0.0514992 0.102882 -0.0312051 0.0842441 0.0911291 0.104567 0.0425591 0.112958 -0.0845108 0.199829
internal_weight=1373.49 1050.78 912.593 322.712 565.158 270.674 138.185 120.159 110.4 160.274 347.434 52.0377
internal_count=9939 8284 7489 1655 4415 1436 795 683 630 806 3074 219
is_linear=0
shrinkage=0.077797


Tree=5
num_leaves=13
num_cat=0
split_feature=22 22 22 2 15 22 22 20 22 20 20 17
split_gain=946.874 180.145 102.858 60.5669 54.6073 32.8204 22.4547 12.6843 9.53038 11.355 0.363282 0.0408832
threshold=0.18575000000000003 0.049650000000000007 0.97260000000000002 5.3550000000000013 -0.016666666666667048 0.84350000000000014 0.63335000000000008 -1.0000000180025095e-35 1.0000000180025095e-35 1.2500000000000002 -4.7499999999999991 0.33150000000000007
decision_type=2 2 2 2 2 2 2 2 2 2 2 2
left_child=1 8 5 7 -5 6 -2 -3 11 -10 -4 -1
right_child=2 3 10 4 -6 -7 -8 -9 9 -11 -12 -13
leaf_value=-0.088476714512590482 0.071834770341387827 -0.02283947944562913 0.1788641773315213 0.061752665094132353 -0.014789579058787862 -0.027078766249855446 0.12030967549293875 -0.060095927036574959 0.0075431179629599386 -0.071232026332740478 0.1908530600593929 -0.092695287408044669
leaf_weight=321.81067893654108 301.83719529211521 106.98646025359631 33.143833503127098 91.101201668381691 148.15257714688778 17.774466142058372 71.545117303729057 114.50141147524118 12.519451729953287 95.969302132725716 28.409224152565002 14.531841062009333
leaf_count=3037 1575 859 135 637 1117 93 350 980 99 828 120 109
internal_value=-0.000951566 -0.0468779 0.0909167 -0.0127836 0.0143556 0.0762064 0.0811232 -0.0420997 -0.0821917 -0.0621415 0.184398 -0.088659
internal_weight=1358.28 905.573 452.71 460.742 239.254 391.157 373.382 221.488 444.831 108.489 61.5531 336.343
internal_count=9939 7666 2273 3593 1754 2018 1925 1839 4073 927 255 3146
is_linear=0
shrinkage=0.077797


Tree=6
num_leaves=13
num_cat=0
split_feature=22 22 22 20 22 22 22 5 22 20 20 17
split_gain=799.127 171.266 87.2474 26.5626 30.2585 23.9098 23.8964 17.0758 9.81713 10.6389 0.195928 0.0312553
threshold=0.18575000000000003 0.049650000000000007 0.97260000000000002 1.0000000180025095e-35 0.11255000000000003 0.77500000000000013 0.63335000000000008 6.6850000000000014 1.0000000180025095e-35 1.2500000000000002 -4.7499999999999991 0.33150000000000007
decision_type=2 2 2 2 2 2 2 2 2 2 2 2
left_child=1 8 5 4 -3 6 -2 -5 11 -10 -4 -1
right_child=2 3 10 7 -6 -7 -8 -9 9 -11 -12 -13
leaf_value=-0.087572799881589641 0.064027729385194451 0.1096628879483601 0.16235673211748591 0.03994675167296919 -0.0021290792346017268 -0.0022103318636577719 0.11586125520307054 -0.040134895541862829 0.0069184104001519912 -0.069394054506246111 0.17106674465749466 -0.091381774987355557
leaf_weight=300.67480958998203 311.8562884926796 15.608744665980337 33.647726774215698 17.667557261884212 239.53447140753269 27.465067952871323 65.062510967254639 183.43192028254271 12.585202515125273 91.044908531010151 29.192001581192017 13.629706360399721
leaf_count=3037 1575 115 135 138 1835 142 301 1505 99 828 120 109
internal_value=-0.00101402 -0.044913 0.0811211 -0.0119554 0.00470995 0.0678686 0.0729751 -0.0330993 -0.0808915 -0.0601264 0.166403 -0.087738
internal_weight=1341.4 874.177 467.224 456.243 255.143 404.384 376.919 201.099 417.935 103.63 62.8397 314.305
internal_count=9939 7666 2273 3593 1950 2018 1876 1643 4073 927 255 3146
is_linear=0
shrinkage=0.077797


Tree=7
num_leaves=16
num_cat=1
split_feature=17 13 13 13 17 17 13 2 13 3 2 0 13 4 21
split_gain=455.072 104.416 47.6745 40.9475 40.4712 37.5795 25.4499 10.0983 9.60881 9.22736 9.13834 9.04187 5.99362 5.48113 3.76332
threshold=0.33150000000000007 0.56249999999999989 0.068333333333333815 1.7575000000000001 0.092000000000000012 0.092000000000000012 -0.62083333333333346 4.285000000000001 1.281666666666667 30.155000000000005 6.9750000000000005 0 -0.80916666666666692 34.435000000000009 5.14201540347488
decision_type=2 2 2 2 2 2 2 2 2 2 2 9 2 2 2
left_child=1 4 7 5 12 -3 -6 11 13 -9 -5 -2 -1 -4 -10
right_child=2 3 8 10 6 -7 -8 9 14 -11 -12 -13 -14 -15 -16
leaf_value=-0.086696018845257669 -0.028675380881302462 -0.046233589443615122 0.076160368111187662 0.1010063337749728 -0.058852034095559766 0.01870194956012659 -0.017487564848410946 0.014309519756432909 0.14229898571805821 0.071059022389733204 0.0308636818530778 0.030423420485550037 -0.061238080194206984 0.10451371502962639 0.099738849245337199
leaf_weight=81.957991920411587 17.915355190634727 80.119201958179474 100.84147071838379 31.043775670230389 130.08674828708172 165.07943718880415 292.31296946108341 25.2784144282341 32.275748878717422 55.228306144475937 17.623453386127949 26.774737522006035 176.52927455306053 69.848156288266182 20.600297585129738
leaf_count=846 109 702 453 197 1191 1212 2349 129 139 263 122 155 1665 317 90
internal_value=-0.00104919 -0.0283362 0.0752151 0.0104219 -0.045064 -0.00251588 -0.0302266 0.0367783 0.0967397 0.0532402 0.0756062 0.00712305 -0.06931 0.0877629 0.125718
internal_weight=1323.52 974.753 348.762 293.866 680.887 245.199 422.4 125.197 223.566 80.5067 48.6672 44.6901 258.487 170.69 52.876
internal_count=9939 8284 1655 2233 6051 1914 3540 656 999 392 319 264 2511 770 229
cat_boundaries=0 1
cat_threshold=2438
is_linear=0
shrinkage=0.077797


Tree=8
num_leaves=15
num_cat=1
split_feature=23 16 23 13 23 23 0 13 13 15 7 8 15 21
split_gain=400.753 251.842 89.9244 59.0516 30.5764 26.0414 24.2884 23.1934 20.6519 13.7885 9.45561 8.17333 2.46557 1.6353
threshold=1.0000000180025095e-35 1.0000000180025095e-35 -0.046349999999999988 0.20833333333333351 0.4850000000000001 0.62035000000000007 0 0.59166666666666734 0.046666666666666419 -0.010000000000000229 10.950000000000001 7.5000000000000009 0.0016666666666673715 4.3714460128951549
decision_type=2 2 2 2 2 2 9 2 2 2 2 2 2 2
left_child=1 2 13 -4 7 12 10 9 -8 -2 -3 -9 -6 -1
right_child=4 6 3 -5 5 -7 8 11 -10 -11 -12 -13 -14 -15
leaf_value=-0.070704069189311866 0.064234705543864346 -0.032755778904785829 -0.048769422034513586 0.003974547528788403 0.14264677942289528 0.042303368910290629 0.039570127440162813 0.13237465287785577 0.10060420342687557 0.007580842424256223 0.027382737165337647 0.076294565715302437 0.11237062617212419 -0.084050298058832879
leaf_weight=76.981287658214569 50.458097219467163 22.103741452097893 290.69700022786856 230.21719305217266 56.631182491779327 24.56999759376049 60.155949048697948 20.35366390645504 75.876032710075378 53.642060548067093 55.695217698812485 69.229475855827332 22.847305566072464 199.73963960260153
leaf_count=830 247 117 2612 1790 238 123 314 95 341 288 278 322 100 2244
internal_value=-0.00104593 -0.0243985 -0.044498 -0.0254593 0.0782885 0.112304 0.0505768 0.0600153 0.0685728 0.0350414 0.00912382 0.0890362 0.133943 -0.0803375
internal_weight=1309.2 1011.47 797.635 520.914 297.732 104.048 213.831 193.683 136.032 104.1 77.799 89.5831 79.4785 276.721
internal_count=9939 8526 7476 4402 1413 461 1050 952 655 535 395 417 338 3074
cat_boundaries=0 1
cat_threshold=8487378
is_linear=0
shrinkage=0.077797


Tree=9
num_leaves=13
num_cat=1
split_feature=22 22 22 5 22 17 11 22 22 3 3 16
split_gain=521.504 161.03 70.4031 23.1176 17.5115 15.5012 15.2687 15.2135 10.6629 5.1221 0.467671 0.0675405
threshold=0.18575000000000003 0.049650000000000007 0.97260000000000002 6.7550000000000008 0.77500000000000013 0.092000000000000012 0 0.63335000000000008 1.0000000180025095e-35 24.585000000000004 31.265000000000004 1.0000000180025095e-35
decision_type=2 2 2 2 2 2 1 2 2 2 2 2
left_child=1 8 4 6 7 -5 -3 -2 11 -10 -4 -1
right_child=2 3 10 5 -6 -7 -8 -9 9 -11 -12 -13
leaf_value=-0.085798787311100036 0.048037653043574637 -0.017904684619035924 0.13067074261702463 -0.05092533066102857 -0.0083526627613970967 -0.0099201419381746078 0.035835376415674421 0.087936207769027566 -0.010185978976994721 -0.06287556963944374 0.14471504865438839 -0.091445387294263436
leaf_weight=255.2754482626915 330.99258054792881 42.988915398716927 22.605651646852493 73.269699960947037 28.258672460913658 233.98735325038433 86.986310429871082 70.089909344911575 12.974894568324087 80.127223871648312 39.296707466244698 13.498775616288183
leaf_count=3037 1575 341 93 677 142 1890 685 301 128 799 162 109
internal_value=-0.00105737 -0.0398352 0.0620227 -0.00806363 0.0508396 -0.0196984 0.0194406 0.05501 -0.0782227 -0.0555326 0.139586 -0.0860824
internal_weight=1290.35 799.109 491.244 437.232 429.341 307.257 129.975 401.082 361.876 93.1021 61.9024 268.774
internal_count=9939 7666 2273 3593 2018 2567 1026 1876 4073 927 255 3146
cat_boundaries=0 1
cat_threshold=91184
is_linear=0
shrinkage=0.077797


Tree=10
num_leaves=15
num_cat=1
split_feature=23 17 23 13 23 23 13 13 15 11 9 15 21 5
split_gain=289.123 194.963 82.1739 53.246 25.0633 23.4012 17.8616 17.0033 15.8564 10.6875 6.50917 5.29942 1.83703 0.560166
threshold=1.0000000180025095e-35 0.33150000000000007 -0.046349999999999988 0.20833333333333351 0.5082000000000001 0.57520000000000004 0.068333333333333815 1.0158333333333334 -0.010000000000000229 0 2.5000000000000004 -0.0036666666666667065 4.3714460128951549 6.745000000000001
decision_type=2 2 2 2 2 2 2 2 2 1 2 2 2 2
left_child=1 2 12 -4 7 13 9 8 -2 -3 -8 -9 -1 -6
right_child=4 6 3 -5 5 -7 10 11 -10 -11 -12 -13 -14 -15
leaf_value=-0.067286605598775612 0.061172596834322919 -0.024257845839212391 -0.045954313004786328 0.0048151147500730598 0.13281849172073468 0.040122331319310416 0.081936273170725799 0.068666786869974836 0.011349970246754463 0.030244033370549601 0.045003149237347273 0.11872455721339428 -0.082367839309275256 0.11805737852565074
leaf_weight=67.993750296533108 78.700537368655205 22.234328933060169 276.31417487561703 228.35662919282913 25.041314870119095 29.294796451926231 58.208876378834248 34.915785819292068 75.992207452654839 81.66446340829134 57.323735937476158 20.208353519439697 173.93580773472786 41.094590365886688
leaf_count=830 361 115 2612 1790 106 143 259 152 385 424 252 92 2244 174
internal_value=-0.00104939 -0.0219046 -0.0408519 -0.0229818 0.064952 0.0980067 0.0425624 0.0499179 0.0366974 0.0191568 0.0636112 0.0870178 -0.0781293 0.123646
internal_weight=1271.28 966.032 746.6 504.671 305.248 95.4307 219.431 209.817 154.693 103.899 115.533 55.1241 241.93 66.1359
internal_count=9939 8526 7476 4402 1413 423 1050 990 746 539 511 244 3074 280
cat_boundaries=0 1
cat_threshold=131144
is_linear=0
shrinkage=0.077797


Tree=11
num_leaves=15
num_cat=1
split_feature=16 13 19 13 13 13 19 0 15 15 5 13 13 4
split_gain=243.457 77.2285 44.042 27.587 25.4689 23.352 22.3667 11.1284 8.47742 7.2839 9.1331 7.14026 5.74719 5.06923
threshold=1.0000000180025095e-35 0.81916666666666693 1.0000000180025095e-35 0.078333333333332714 -0.62083333333333346 1.7575000000000001 1.0000000180025095e-35 0 0.0033333333333334107 0.041666666666667414 6.6650000000000009 -0.80916666666666692 -0.68083333333333285 28.095000000000002
decision_type=2 2 2 2 2 2 2 9 2 2 2 2 2 2
left_child=1 2 4 7 -1 6 -3 12 -7 10 -5 -4 -2 -9
right_child=3 5 11 9 -6 8 -8 13 -10 -11 -12 -13 -14 -15
leaf_value=-0.053031848060618905 -0.04647915287889396 0.02235189732746852 -0.084578979253314007 0.026034851404140025 -0.01000736234366132 0.087693231015497877 -0.03908769927928904 0.080036237928909723 0.021302209460586259 0.028412845109628573 0.079307227414688111 -0.05451525441000251 0.010326535985301519 0.033505596584791894
leaf_weight=112.59889364242554 16.535628087818623 115.66965329647064 66.120492339134216 21.779940009117126 319.73268662393093 32.190204001963139 51.976222977042198 17.934193089604378 18.234286703169346 24.026598110795021 184.27446474134922 172.69648438692093 30.966101281344891 67.526366785168648
leaf_count=1191 94 840 846 93 2721 198 483 86 121 107 788 1884 151 336
internal_value=-0.00103796 -0.022956 -0.0360248 0.0526469 -0.0212129 0.0172655 0.00330342 0.0244363 0.0636852 0.0689496 0.0736763 -0.0628389 -0.0078048 0.0387374
internal_weight=1252.26 889.219 671.149 363.043 432.332 218.07 167.646 132.962 50.4245 230.081 206.054 238.817 47.5017 85.4606
internal_count=9939 8284 6642 1655 3912 1642 1323 667 319 988 881 2730 245 422
cat_boundaries=0 1
cat_threshold=8407366
is_linear=0
shrinkage=0.077797


Tree=12
num_leaves=12
num_cat=0
split_feature=22 22 13 22 17 22 22 13 17 13 13
split_gain=389.739 91.1129 60.6615 41.5377 121.919 26.1511 24.4931 17.2118 0.101867 0.0803959 0.0101429
threshold=0.071550000000000016 0.97260000000000002 -0.020833333333333478 1.0000000180025095e-35 0.092000000000000012 0.19675000000000004 0.36665000000000009 1.7575000000000001 0.33150000000000007 1.0158333333333334 0.81916666666666693
decision_type=2 2 2 2 2 2 2 2 2 2 2
left_child=3 2 5 8 7 -2 -4 -5 10 -3 -1
right_child=1 9 6 4 -6 -7 -8 -9 -10 -11 -12
leaf_value=-0.084165360556868726 -0.029914909454828085 0.12137947365266907 0.0226494732220902 -0.054961458885909142 0.24999253017699921 0.016999760159315473 0.057798756217602262 0.057454692225181667 -0.091434057593768645 0.12728381999912558 -0.085527748843011259
leaf_weight=176.05572589114308 138.43912022560835 34.717985779047012 248.75209476053715 164.06504771113396 8.6493909657001478 149.64329293370247 231.79746291041374 8.6792762428522092 13.306170150637625 23.342041507363319 40.724622704088688
leaf_count=2534 1289 152 1648 1757 60 736 988 60 109 103 503
internal_value=-0.00101318 0.0297805 0.0226821 -0.0628799 -0.0350415 -0.00554527 0.0396041 -0.0493133 -0.0848269 0.123753 -0.0844213
internal_weight=1238.17 826.692 768.632 411.48 181.394 288.082 480.55 172.744 230.087 58.06 216.78
internal_count=9939 4916 4661 5023 1877 2025 2636 1817 3146 255 3037
is_linear=0
shrinkage=0.077797


Tree=13
num_leaves=13
num_cat=3
split_feature=16 17 0 11 5 7 7 5 3 20 17 0
split_gain=177.147 60.1842 11.3043 11.2191 8.84806 11.025 10.5454 6.8663 6.57338 6.00941 4.04593 3.02506
threshold=1.0000000180025095e-35 0.092000000000000012 0 1 6.8950000000000005 6.7000000000000002 9.0500000000000025 6.7650000000000006 42.520000000000003 -0.74999999999999989 0.05850000000000001 2
decision_type=2 2 9 1 2 2 2 2 2 2 2 9
left_child=1 7 9 -4 5 -2 -7 8 -1 -3 -9 -6
right_child=4 2 3 -5 11 6 -8 10 -10 -11 -12 -13
leaf_value=-0.041860370086025799 0.10128370656267942 -0.011856357118925742 -0.0098034525059963532 0.01551044700244792 -0.0079690191159845908 0.0076961753468187608 0.051014686899128608 -0.071011458357172666 0.01447418089139108 -0.042559722409779656 -0.047825624479725423 0.026590616450700971
leaf_weight=82.604812856763601 22.841337278485298 95.925786189734936 237.44813200831413 175.43906440585852 23.450340151786804 39.338557079434395 251.22562757879496 87.138444717973471 14.77905512601137 64.54087695479393 95.443658914417028 28.489189967513084
leaf_count=968 99 811 2065 1511 104 187 1137 1084 166 583 1096 128
internal_value=-0.00101826 -0.0204263 -0.00598893 0.00106505 0.0443123 0.049241 0.0451499 -0.0499933 -0.033311 -0.0227855 -0.0588912 0.0145724
internal_weight=1218.66 853.32 573.354 412.887 365.345 313.406 290.564 279.966 97.3839 160.467 182.582 51.9395
internal_count=9939 8284 4970 3576 1655 1423 1324 3314 1134 1394 2180 232
cat_boundaries=0 1 2 3
cat_threshold=8266752 65042 86020
is_linear=0
shrinkage=0.077797


Tree=14
num_leaves=15
num_cat=4
split_feature=23 17 23 15 23 0 23 15 8 11 11 11 4 23
split_gain=192.852 112.141 78.0856 37.173 20.777 20.1319 19.8329 7.84012 8.82697 7.53242 5.116 3.55095 1.66862 1.49367
threshold=1.0000000180025095e-35 0.33150000000000007 -0.046349999999999988 -0.014999999999999234 0.5082000000000001 0 0.65900000000000014 -0.024999999999999908 14.500000000000002 1 2 3 30.865000000000006 -0.10084999999999998
decision_type=2 2 2 2 2 9 2 2 2 1 1 1 2 2
left_child=1 2 13 -4 7 11 12 8 -2 -7 -9 -3 -6 -1
right_child=4 5 3 -5 6 9 -8 10 -10 -11 -12 -13 -14 -15
leaf_value=-0.081012631290912657 0.075135764000887256 0.013277984430240173 0.011373157841706749 -0.034116438139054898 0.090792903709272649 0.00072159893358059797 0.017905867303375823 0.044096626884109119 0.019373492260792186 0.053147273620940877 0.0096731685723567759 -0.017035633413830763 0.11497244221374173 -0.067411697034842386
leaf_weight=119.77882475405931 56.84143690764904 30.239012621343136 170.23382072150707 300.91117203980684 32.177439421415329 29.671411938965321 21.262870132923126 54.179868891835213 24.624496608972549 119.03489512205124 79.40996678173542 49.590607531368732 37.294450923800468 82.550745539367199
leaf_count=1714 249 142 1468 2934 149 142 103 255 107 534 379 232 171 1360
internal_value=-0.000960314 -0.0190605 -0.0350398 -0.0176802 0.0524311 0.0280289 0.0836509 0.039259 0.0582806 0.0433913 0.0276592 -0.00535314 0.103773 -0.0754634
internal_weight=1207.8 902.01 673.475 471.145 305.791 228.536 90.7348 215.056 81.4659 148.706 133.59 79.8296 69.4719 202.33
internal_count=9939 8526 7476 4402 1413 1050 423 990 356 676 634 374 320 3074
cat_boundaries=0 1 2 3 4
cat_threshold=8503634 131144 172384 57352
is_linear=0
shrinkage=0.077797


Tree=15
num_leaves=12
num_cat=0
split_feature=22 22 15 22 22 22 20 15 14 17 17
split_gain=312.55 81.2627 49.5569 27.7053 18.9269 12.3573 9.51098 4.51686 0.267482 0.119736 0.00646315
threshold=0.049650000000000007 0.97260000000000002 -1.0000000180025095e-35 0.21110000000000004 0.075500000000000012 1.0000000180025095e-35 1.2500000000000002 -0.044999999999999478 3.0341666666666662 0.33150000000000007 0.092000000000000012
decision_type=2 2 2 2 2 2 2 2 2 2 2
left_child=5 2 4 -4 -2 9 -7 -8 -3 10 -1
right_child=1 8 3 -5 -6 6 7 -9 -10 -11 -12
leaf_value=-0.082771110417456106 -0.017761726845587598 0.10975503944263655 -0.024712128220076294 0.017518243223934849 0.03656792012906631 0.019840579323291953 -0.0062904333870218319 -0.06628844598540401 0.12104650312725269 -0.09105189980259619 -0.083707921454420256
leaf_weight=74.540476355701685 42.56683161854744 32.484797239303589 209.85676165670156 170.34559935331345 439.59091673791409 11.012375019490717 8.7633991837501508 56.926614262163639 20.845677688717842 13.01076954603195 110.86625987291336
leaf_count=1331 407 157 1953 787 2464 99 104 724 98 109 1706
internal_value=-0.000872824 0.020974 0.0152106 -0.00579126 0.0317715 -0.0735863 -0.0470678 -0.0582844 0.114169 -0.0838375 -0.0833313
internal_weight=1190.81 915.691 862.36 380.202 482.158 275.12 76.7024 65.69 53.3305 198.418 185.407
internal_count=9939 5866 5611 2740 2871 4073 927 828 255 3146 3037
is_linear=0
shrinkage=0.077797


Tree=16
num_leaves=12
num_cat=0
split_feature=22 22 15 23 14 22 20 2 14 23 17
split_gain=280.609 73.6761 41.4576 25.3992 19.5099 12.6501 8.70271 4.86463 0.226531 0.0927274 0.0050342
threshold=0.049650000000000007 0.97260000000000002 0.00083333333333346371 -1.0000000180025095e-35 6.5733333333333333 1.0000000180025095e-35 1.2500000000000002 6.1150000000000011 3.0341666666666662 -0.19199999999999995 0.092000000000000012
decision_type=2 2 2 2 2 2 2 2 2 2 2
left_child=5 2 4 -4 -2 9 -7 -8 -3 -1 -11
right_child=1 8 3 -5 -6 6 7 -9 -10 10 -12
leaf_value=-0.08991220542659345 0.021505957105129956 0.10596994745571443 0.092696982867746525 -0.010199078172155032 0.062144472959296704 0.018038307801614726 -0.070454504866401493 -0.022766546159277649 0.11658520182040946 -0.082376515286528479 -0.083233980302526669
leaf_weight=12.183445289731024 412.88310223072767 31.083498135209084 15.146973885595797 350.43869192898273 86.474890269339085 11.163858309388159 44.317197881639004 18.289812989532948 19.993463739752769 69.278552666306496 103.12907629832625
leaf_count=109 2445 157 78 2591 497 99 617 211 98 1331 1706
internal_value=-0.00086463 0.0193316 0.0139701 -0.00593588 0.0285434 -0.0724703 -0.0452396 -0.0565231 0.110125 -0.0833529 -0.0828894
internal_weight=1174.38 916.021 864.944 365.586 499.358 258.362 73.7709 62.607 51.077 184.591 172.408
internal_count=9939 5866 5611 2669 2942 4073 927 828 255 3146 3037
is_linear=0
shrinkage=0.077797


Tree=17
num_leaves=16
num_cat=3
split_feature=16 13 13 15 13 13 11 11 13 15 13 11 20 4 10
split_gain=101.884 59.2013 27.2034 22.2519 20.4392 18.5448 14.7162 8.89725 7.73797 7.37051 7.04523 6.62647 4.72051 4.02571 2.33641
threshold=1.0000000180025095e-35 0.56249999999999989 -0.62083333333333346 -0.0050000000000003366 1.6900000000000004 0.078333333333332714 0 1 -0.66833333333333333 -0.024999999999999908 1.281666666666667 2 1.7500000000000002 34.435000000000009 2.5000000000000004
decision_type=2 2 2 2 2 2 1 1 2 2 2 1 2 2 2
left_child=1 2 12 -4 6 7 -3 8 -2 -9 13 -6 -1 -7 -12
right_child=5 4 3 -5 11 10 -8 9 -10 -11 14 -13 -14 -15 -16
leaf_value=-0.048143653457743796 -0.053153148353766846 0.025551888131172894 0.0017560355542451779 -0.036960684657182462 0.070829284258776604 0.029574378760586016 -0.014126765345836706 0.057286106981399049 0.0063109597542517024 0.0089397787011918708 0.088503050103685144 0.0043570685630045314 -0.075784673114926843 0.053626365421776352 0.055641518534437072
leaf_weight=100.51628030091524 20.169308565557003 85.031554568558931 160.20980384945869 204.56451914831996 31.5480020865798 103.01253505796194 130.10060587152839 32.930939115583897 38.578139126300812 45.392497651278973 25.990154013037682 25.171703077852726 59.547510206699371 71.248635664582253 26.392085120081902
leaf_count=1258 111 731 1524 2312 202 448 1131 150 180 226 115 169 957 311 114
internal_value=-0.000850276 -0.016426 -0.0316889 -0.0199562 0.0130407 0.0332671 0.0020874 0.0106783 -0.0120528 0.0259533 0.0469285 0.0545853 -0.0584268 0.0394083 0.0719462
internal_weight=1160.4 796.69 524.838 364.774 271.852 363.714 215.132 137.071 58.7474 78.3234 226.643 56.7197 160.064 174.261 52.3822
internal_count=9939 8284 6051 3836 2233 1655 1862 667 291 376 988 371 2215 759 229
cat_boundaries=0 1 2 3
cat_threshold=213190 131194 102458
is_linear=0
shrinkage=0.077797


Tree=18
num_leaves=15
num_cat=1
split_feature=23 16 23 2 0 23 23 14 13 2 2 8 8 23
split_gain=126.205 70.7106 63.5501 38.4257 18.8479 15.0142 16.8771 10.9495 10.3445 9.3812 8.75787 5.72123 2.81509 1.74126
threshold=1.0000000180025095e-35 1.0000000180025095e-35 -0.046349999999999988 5.3550000000000013 0 0.4850000000000001 0.65900000000000014 -5.6386666666666647 0.59166666666666734 5.0950000000000006 5.5150000000000006 7.5000000000000009 10.750000000000002 -0.10084999999999998
decision_type=2 2 2 2 9 2 2 2 2 2 2 2 2 2
left_child=1 2 13 -4 7 8 12 -3 10 -6 -2 -10 -7 -1
right_child=5 4 3 -5 9 6 -8 -9 11 -11 -12 -13 -14 -15
leaf_value=-0.078700162137766261 0.030449062980225879 -0.067537650643931316 -0.040595915618837949 0.0049687458517078779 0.013579617577014655 0.060896391028935758 0.0077314330550780734 0.002953693490045566 0.083714560952567726 0.053097510671232841 -0.015444964723693439 0.039023660273993024 0.09584064426551811 -0.062240201294980958
leaf_weight=95.032411478459835 73.099667951464653 17.005076549947262 199.9670590236783 254.6969888061285 60.03790458291769 19.001496613025665 21.346961095929146 61.824074499309063 22.523902699351311 92.1800222620368 38.378305435180664 75.287457153201103 52.515867009758949 65.853342588990927
leaf_count=1714 357 82 2272 2130 286 92 103 295 95 387 178 322 266 1360
internal_value=-0.000761009 -0.0161661 -0.0299409 -0.0150712 0.0205324 0.0424021 0.0684366 -0.0108734 0.0308503 0.0351985 0.0146492 0.049315 0.0865563 -0.0719628
internal_weight=1148.75 846.597 615.55 454.664 231.047 302.154 92.8643 78.8292 209.289 152.218 111.478 97.8114 71.5174 160.886
internal_count=9939 8526 7476 4402 1050 1413 461 377 952 673 535 417 358 3074
cat_boundaries=0 1
cat_threshold=8421842
is_linear=0
shrinkage=0.077797


Tree=19
num_leaves=15
num_cat=2
split_feature=23 1 23 16 13 13 23 23 23 13 11 13 6 16
split_gain=108.147 66.0242 37.3888 28.5434 24.4429 22.1234 17.302 13.6658 17.0207 8.79296 13.7856 6.48476 6.19318 1.59996
threshold=1.0000000180025095e-35 0 -0.10084999999999998 1.0000000180025095e-35 0.56249999999999989 0.068333333333333815 -0.046349999999999988 0.5082000000000001 0.62035000000000007 1.0158333333333334 1 -0.34249999999999975 -1.0000000180025095e-35 1.0000000180025095e-35
decision_type=2 1 2 2 2 2 2 2 2 2 1 2 2 2
left_child=1 2 3 -1 11 -4 -6 9 13 10 -2 -3 -11 -9
right_child=7 4 5 -5 6 -7 -8 8 -10 12 -12 -13 -14 -15
leaf_value=-0.075597934681868983 -0.005000670694012865 -0.070767452771255124 -0.0053032327241841152 0.0045530573066843247 -0.072377097708187912 0.031762925884162914 0.0045851380182115337 0.071971152202427821 0.014002754253966847 0.027780166258736996 0.039630950135412006 -0.044444543929887295 0.078628058537120807 0.099543442433472906
leaf_weight=56.561695747077465 80.062013298273087 108.71475310996175 184.72943221777678 51.264262475073338 22.446319252252579 206.29727948457003 83.24754486232996 19.392073482275009 25.980379611253738 27.19100596010685 81.251906484365463 118.26195600628853 31.055500388145447 37.119823411107063
leaf_count=1086 374 1871 1335 279 415 1199 717 81 123 115 372 1624 129 219
internal_value=-0.000744832 -0.0152275 0.00300756 -0.0374913 -0.0414172 0.0142521 -0.0117594 0.0391247 0.0661214 0.0289817 0.0196265 -0.0570524 0.0548909 0.090082
internal_weight=1133.58 831.523 498.853 107.826 332.671 391.027 105.694 302.053 82.4923 219.56 161.314 226.977 58.2465 56.5119
internal_count=9939 8526 3899 1365 4627 2534 1132 1413 423 990 746 3495 244 300
cat_boundaries=0 1 2
cat_threshold=14 89110
is_linear=0
shrinkage=0.077797


Tree=20
num_leaves=13
num_cat=0
split_feature=22 22 13 14 22 20 13 14 14 20 19 13
split_gain=209.924 57.2333 36.3876 26.4461 13.3579 7.89579 11.0848 7.55984 0.235916 0.0318663 0.00589311 0.00570293
threshold=0.049650000000000007 0.97260000000000002 -0.62083333333333346 -6.3541666666666634 1.0000000180025095e-35 1.2500000000000002 1.4549999999999998 -3.1683333333333326 3.0341666666666662 -4.7499999999999991 1.0000000180025095e-35 0.068333333333333815
decision_type=2 2 2 2 2 2 2 2 2 2 2 2
left_child=4 2 7 -4 9 -6 -7 -2 -3 11 -11 -1
right_child=1 8 3 -5 5 6 -8 -9 -10 10 -12 -13
leaf_value=-0.084588875770019625 0.0020715114207213985 0.097872943810140306 -0.016032497563583555 0.024557043413260381 0.020052965541377532 -0.064867187397062612 0.043854039713347406 -0.038865094923528506 0.10954030291515462 -0.082462147123981727 -0.08142423590577573 -0.087899424294444403
leaf_weight=6.8207675553858262 39.031586322933435 26.47068840265274 115.43268668651581 613.52864021807909 10.894805796444414 49.335294961929321 6.4136518314480773 90.864966377615929 17.373373568058014 81.399144552648067 55.810202766209841 5.8509461283683777
leaf_count=112 342 157 724 3737 99 769 59 808 98 1629 1331 74
internal_value=-0.000705316 0.0157959 0.0113699 0.0181296 -0.0694997 -0.0405215 -0.0523593 -0.0265644 0.102496 -0.0823847 -0.08204 -0.0861175
internal_weight=1119.23 902.702 858.858 728.961 216.525 66.6438 55.7489 129.897 43.8441 149.881 137.209 12.6717
internal_count=9939 5866 5611 4461 4073 927 828 1150 255 3146 2960 186
is_linear=0
shrinkage=0.077797


Tree=21
num_leaves=13
num_cat=1
split_feature=22 22 22 22 22 1 20 3 3 18 20 19
split_gain=188.795 52.4163 20.269 14.6963 13.5636 8.64758 7.17365 3.36396 0.281924 0.0261581 0.00715142 0.00135703
threshold=0.049650000000000007 0.97260000000000002 0.36665000000000009 0.77500000000000013 1.0000000180025095e-35 0 1.2500000000000002 24.585000000000004 33.620000000000012 1.0000000180025095e-35 -4.7499999999999991 1.0000000180025095e-35
decision_type=2 2 2 2 2 1 2 2 2 2 2 2
left_child=4 2 5 -4 9 -2 -6 -8 -3 11 -11 -1
right_child=1 8 3 -5 6 -7 7 -9 -10 10 -12 -13
leaf_value=-0.081698967414351537 -0.021316956376107043 0.092356921705777362 0.028994551663904935 -0.027698104798938538 0.018232788689812013 0.0049004071964042252 -0.0026878771618215908 -0.058626707567249643 0.1053275534725213 -0.085458368866880186 -0.083082076813095679 -0.081141081340085436
leaf_weight=53.787256348878145 82.870670240372419 17.536086931824684 335.89239443838596 30.159417554736137 11.043865785002707 412.83618835359812 7.5869544148445121 45.690296843647957 24.054749071598053 11.810085378587244 21.839818436652422 51.805992897599936
leaf_count=1201 940 111 1434 142 99 3095 111 717 144 186 428 1331
internal_value=-0.000695793 0.0145561 0.0104392 0.0243236 -0.0683786 0.000186299 -0.0388318 -0.0506607 0.0998587 -0.0820272 -0.0839161 -0.0814253
internal_weight=1106.91 903.35 861.759 366.052 203.564 495.707 64.3211 53.2773 41.5908 139.243 33.6499 105.593
internal_count=9939 5866 5611 1576 4073 4035 927 828 255 3146 614 2532
cat_boundaries=0 1
cat_threshold=32
is_linear=0
shrinkage=0.077797


Tree=22
num_leaves=13
num_cat=0
split_feature=17 13 13 15 15 15 21 13 13 21 16 13
split_gain=65.8193 39.7286 19.495 17.3646 12.9648 11.5729 8.85033 8.63704 7.32138 6.36094 5.26223 4.7351
threshold=0.092000000000000012 0.10183333333333301 1.7958333333333336 0.00083333333333346371 -0.018166666666666661 -0.038333333333332657 4.9401607745122922 -0.31333333333333319 1.830833333333334 6.8285558780841811 1.0000000180025095e-35 -0.80916666666666692
decision_type=2 2 2 2 2 2 2 2 2 2 2 2
left_child=2 3 5 9 8 7 -6 -1 -3 -2 -5 -7
right_child=1 4 -4 10 6 11 -8 -9 -10 -11 -12 -13
leaf_value=-0.063439002359841956 0.00056117379298158262 0.032111117532371579 0.053027192589958458 -0.038629786420103437 -0.00021846656620527476 -0.08087387446081884 0.027873407444800682 0.017793103495297072 0.080433680562499082 0.050775643909633503 -0.008969029370471655 -0.047510467841550233
leaf_weight=11.265679035335777 183.73117409646511 210.06835582107306 13.053110256791113 114.1613693498075 161.99533587321639 31.908025186508894 116.82964722067118 26.691335402429104 20.861133921891451 16.652054511010647 53.012895241379738 133.32482823356986
leaf_count=225 1496 1243 95 1414 1156 707 804 319 114 132 266 1968
internal_value=-0.00069023 0.00878552 -0.039134 -0.0107109 0.0228434 -0.0450545 0.0115522 -0.00631667 0.0364764 0.00473405 -0.029224 -0.0539533
internal_weight=1093.55 877.312 216.243 367.557 509.754 203.19 278.825 37.957 230.929 200.383 167.174 165.233
internal_count=9939 6625 3314 3308 3317 3219 1960 544 1357 1628 1680 2675
is_linear=0
shrinkage=0.077797


Tree=23
num_leaves=14
num_cat=4
split_feature=23 1 23 23 13 15 1 0 23 15 7 1 14
split_gain=74.3482 42.6865 22.7594 21.6233 21.055 21.007 16.7603 14.3167 9.76528 13.963 7.34204 6.65128 1.0602
threshold=0.16800000000000001 0 -0.10084999999999998 -0.046349999999999988 0.80416666666666681 0.0016666666666673715 1 2 0.4850000000000001 0.0016666666666673715 13.850000000000001 3 -4.3816666666666668
decision_type=2 1 2 2 2 2 1 9 2 2 2 1 2
left_child=1 2 6 12 -5 -4 -1 11 10 -10 -9 -2 -3
right_child=7 3 5 4 -6 -7 -8 8 9 -11 -12 -13 -14
leaf_value=0.0041260218893858355 0.020690349192385694 -0.05496833285183185 0.022656521549939943 -0.037744239558058675 0.013883029422535456 -0.011575457454580164 -0.059931505706559182 0.027030309876413011 0.10236493265715507 0.027429134085862492 0.077675432984842752 -0.028081579758452442 -0.076838695783959687
leaf_weight=50.116980321705341 26.10133945196867 17.677199555560946 280.98195604234934 169.77607897296548 66.55196351185441 176.75006204843521 45.715863540768623 88.124260693788528 41.2827143445611 23.683359861373901 21.564159363508224 22.072845280170441 55.643056351691484
leaf_count=279 124 448 1581 2185 533 1229 1086 394 229 129 95 104 1523
internal_value=-0.000666173 -0.0110081 0.00218079 -0.0335724 -0.0232056 0.00943808 -0.032255 0.0393973 0.0483744 0.0750471 0.0369869 -0.00264218 -0.0715658
internal_weight=1086.04 863.213 553.565 309.648 236.328 457.732 95.8328 222.829 174.654 64.9661 109.688 48.1742 73.3203
internal_count=9939 8864 4175 4689 2718 2810 1365 1075 847 358 489 228 1971
cat_boundaries=0 1 2 3 4
cat_threshold=14 2 7697408 2
is_linear=0
shrinkage=0.077797


Tree=24
num_leaves=12
num_cat=0
split_feature=22 22 14 3 22 22 3 20 21 16 19
split_gain=151.985 44.6771 17.0584 16.9442 14.4814 12.1987 6.50656 3.61313 0.262263 0.073474 0.00175225
threshold=0.049650000000000007 0.97260000000000002 -6.3541666666666634 22.260000000000002 1.0000000180025095e-35 0.84350000000000014 24.585000000000004 1.2500000000000002 4.9905940199447061 1.0000000180025095e-35 1.0000000180025095e-35
decision_type=2 2 2 2 2 2 2 2 2 2 2
left_child=4 2 3 -2 9 -4 -6 -8 -3 10 -1
right_child=1 8 5 -5 6 -7 7 -9 -10 -11 -12
leaf_value=-0.081191418743329982 0.017307134550325124 0.088947897757444452 0.014971007527198169 -0.039363821349177298 0.026359343211593465 -0.054905102774865509 -0.00092541282073940973 -0.055255375942435875 0.10199738841940371 -0.087797734012922735 -0.080554995074668873
leaf_weight=66.979863181710243 53.052277751266956 17.979848325252533 709.4939257055521 80.209758426994085 9.0088009573519212 15.450350508093832 9.0391458943486196 41.067898914217949 19.356052950024605 10.354055538773535 42.988462783396244
leaf_count=1706 367 127 4639 530 128 75 82 717 128 109 1331
internal_value=-0.000690633 0.0124035 0.00877919 -0.0168028 -0.0660412 0.0134818 -0.0345106 -0.0454544 0.0957131 -0.0815325 -0.0809426
internal_weight=1074.98 895.542 858.206 133.262 179.438 724.944 59.1158 50.107 37.3359 120.322 109.968
internal_count=9939 5866 5611 897 4073 4714 927 799 255 3146 3037
is_linear=0
shrinkage=0.077797


Tree=25
num_leaves=13
num_cat=4
split_feature=17 13 13 13 13 11 0 11 3 17 11 9
split_gain=48.5931 31.027 16.5071 10.3573 10.2028 9.65467 10.011 9.36528 7.36697 5.24411 4.35628 0.19661
threshold=0.092000000000000012 0.10183333333333301 1.7958333333333336 -0.80916666666666692 1.6900000000000004 0 1 2 41.420000000000009 0.33150000000000007 3 5.5000000000000009
decision_type=2 2 2 2 2 1 9 1 2 2 1 2
left_child=2 5 3 11 7 6 -2 -3 -5 -7 -6 -1
right_child=1 4 -4 8 10 9 -8 -9 -10 -11 -12 -13
leaf_value=-0.082755949114624763 -0.015714430250060751 0.0014022853715628858 0.04870671058594192 -0.04055340872586595 0.060070060565658098 -0.032329903736406193 0.02096434218261177 0.024733748626099651 0.0043560962618274298 -0.0063926310142071929 0.0056617820903665447 -0.063956047800850263
leaf_weight=29.433176420629025 74.289956580847502 186.2463946454227 13.225696519017218 126.31466133892536 39.556699298322201 120.23962611332536 87.951793348416686 253.71781593933702 26.797476146370173 77.644901677966118 26.390412647277117 3.8017008882015935
leaf_count=760 688 1246 95 1983 226 1458 782 1706 390 380 139 86
internal_value=-0.000670435 0.00730461 -0.0352778 -0.0412385 0.0197284 -0.0101486 0.004232 0.0154511 -0.0326934 -0.0210871 0.0482646 -0.0806054
internal_weight=1065.61 866.038 199.573 186.347 505.911 360.126 162.242 439.964 153.112 197.885 65.9471 33.2349
internal_count=9939 6625 3314 3219 3317 3308 1470 2952 2373 1838 365 846
cat_boundaries=0 1 2 3 4
cat_threshold=48648 952516 15896 233530
is_linear=0
shrinkage=0.077797


Tree=26
num_leaves=12
num_cat=0
split_feature=22 22 23 22 22 22 14 9 21 23 17
split_gain=132.791 40.4244 19.9162 37.8917 21.2367 15.2068 5.89179 2.78033 0.241509 0.0601553 0.00186155
threshold=0.049650000000000007 0.97260000000000002 -1.0000000180025095e-35 0.21110000000000004 0.23610000000000003 1.0000000180025095e-35 -8.8833333333333346 1.0000000180025095e-35 4.9905940199447061 -0.19199999999999995 0.092000000000000012
decision_type=2 2 2 2 2 2 2 2 2 2 2
left_child=5 2 3 -2 -4 9 -7 -8 -3 -1 -11
right_child=1 8 4 -5 -6 6 7 -9 -10 10 -12
leaf_value=-0.087088122192747239 0.13629615948862794 0.086672859379325062 -0.0079149815311728277 -0.0080089247115586945 0.01723671459946035 0.040411941969051769 -0.087764978924302642 -0.033162609870734411 0.099626600257072373 -0.080254254070293712 -0.080944170262402859
leaf_weight=9.7300104126334173 20.498056925833225 16.80412220209837 389.63709814101458 23.800262078642845 424.57764533907175 6.1519769616425029 6.4926749020814887 43.187645222991705 18.087115168571472 38.225431982427835 62.165776919573545
leaf_count=109 109 127 3547 100 1855 93 70 764 128 1331 1706
internal_value=-0.000570672 0.0113006 0.0079644 0.058765 0.00520054 -0.064479 -0.0314053 -0.0402985 0.0933879 -0.0812475 -0.0806815
internal_weight=1059.36 893.404 858.513 44.2983 814.215 165.954 55.8323 49.6803 34.8912 110.121 100.391
internal_count=9939 5866 5611 209 5402 4073 927 834 255 3146 3037
is_linear=0
shrinkage=0.077797


Tree=27
num_leaves=16
num_cat=2
split_feature=13 15 0 13 18 13 1 18 3 15 2 14 14 13 2
split_gain=39.4874 24.6142 26.6323 17.833 16.1761 12.6048 10.9508 7.444 12.8651 8.35948 5.07533 2.44236 2.73985 2.48146 1.67079
threshold=-0.62083333333333346 -0.016666666666667048 0 1.6900000000000004 1.0000000180025095e-35 1.4549999999999998 1 1.0000000180025095e-35 32.385000000000012 0.0033333333333325226 6.8650000000000011 -4.5983333333333318 -7.1616666666666662 -0.80916666666666692 4.0550000000000006
decision_type=2 2 9 2 2 2 1 2 2 2 2 2 2 2 2
left_child=7 2 6 4 -3 -4 -2 11 9 -9 -5 12 -1 -13 -10
right_child=1 3 5 10 -6 -7 -8 8 14 -11 -12 13 -14 -15 -16
leaf_value=-0.052365600006008546 0.01679055745196362 -0.023650442598463738 0.037040918627340089 0.065301937990333306 0.0055848152181954278 0.099544423852484271 -0.01724436436945952 0.052237449153212226 -0.03452583917578908 -0.024038257397081951 0.013394834016711817 -0.065613806553033838 0.0045525391918808181 -0.03103903985147393 -0.067535507189504032
leaf_weight=11.529543371871116 116.13235887885094 243.5870227329433 144.99085546657443 24.358708336949348 216.23075605928898 22.567109704017639 94.834977351129055 18.764049340039492 21.935362365096807 16.20785441249609 21.431715216487646 53.523396246135235 9.2054034285247308 16.417217062786222 16.086096670478582
leaf_count=223 626 3120 1076 145 1356 131 894 136 201 145 132 1173 148 290 143
internal_value=-0.000558289 0.00593967 0.0209419 -0.00529182 -0.00990247 0.0428988 0.00140301 -0.03566 -0.0171679 0.0168872 0.0410074 -0.0505461 -0.0270965 -0.057498 -0.0484916
internal_weight=1047.8 884.134 378.525 505.608 459.818 167.558 210.967 163.669 72.9934 34.9719 45.7904 90.6756 20.7349 69.9406 38.0215
internal_count=9939 7480 2727 4753 4476 1207 1520 2459 625 281 277 1834 371 1463 344
cat_boundaries=0 1 2
cat_threshold=4453402 10
is_linear=0
shrinkage=0.077797


Tree=28
num_leaves=15
num_cat=5
split_feature=17 15 0 0 15 15 3 11 14 0 15 17 0 14
split_gain=36.4356 18.2486 15.0889 13.8191 11.3242 9.64778 9.47651 7.17742 6.15342 5.6748 5.38978 4.65805 9.70286 4.08915
threshold=0.092000000000000012 -1.0000000180025095e-35 0 1 -0.038333333333332657 -0.086666666666666434 42.295000000000009 2 10.478333333333337 3 0.0036666666666667074 0.05850000000000001 4 -10.704333333333331
decision_type=2 2 9 9 2 2 2 1 2 9 2 2 9 2
left_child=4 2 5 10 6 -2 9 -5 -4 -1 -3 13 -13 -6
right_child=1 3 8 7 11 -7 -8 -9 -10 -11 -12 12 -14 -15
leaf_value=0.02139662519882746 -0.056306475721398706 0.015600682797557122 0.024713455948623286 0.017505964882516087 0.0032740630023952028 0.0052576607369991405 0.095912226308978554 -0.0094661604023747424 0.060543916662379557 -0.030866422285725826 -0.033381505506305892 0.0078394140817208934 -0.045830169787906931 -0.063938789001710059
leaf_weight=14.425902971997855 16.574530024081469 15.355181043967603 229.99510449171066 118.18637875840068 6.0600764472037545 218.57535700686276 5.973556548357009 104.22450655885041 33.196389803662896 18.209773754701018 118.6959596760571 32.747094247490168 51.991161243990064 57.076696444302797
leaf_count=219 104 118 1588 1037 106 1512 76 945 220 275 1101 515 873 1250
internal_value=-0.000538638 0.00625853 0.0158722 -0.00718152 -0.0316954 0.000880856 0.00582333 0.00500303 0.0281627 -0.0106663 -0.0258429 -0.0414913 -0.0295729 -0.0574875
internal_weight=1041.29 854.803 498.341 356.462 186.484 235.15 38.6092 222.411 263.191 32.6357 134.051 147.875 84.7383 63.1368
internal_count=9939 6625 3424 3201 3314 1616 570 1982 1808 494 1219 2744 1388 1356
cat_boundaries=0 1 2 3 4 5
cat_threshold=783378 1968484 22840 2755718 61546
is_linear=0
shrinkage=0.077797


Tree=29
num_leaves=10
num_cat=0
split_feature=22 22 13 15 20 3 16 13 17
split_gain=118.068 38.3201 22.8113 14.7177 7.99689 0.390082 0.0503984 0.00238832 0.00189829
threshold=1.0000000180025095e-35 0.97260000000000002 -0.62083333333333346 -0.016666666666667048 1.7500000000000002 31.165000000000003 1.0000000180025095e-35 1.7575000000000001 0.092000000000000012
decision_type=2 2 2 2 2 2 2 2 2
left_child=6 2 4 -4 -2 -3 7 8 -1
right_child=1 5 3 -5 -6 -7 -8 -9 -10
leaf_value=-0.079870425329635217 -0.01547028044085761 0.079433755232987832 0.02234417635695166 0.00071111582027459945 -0.063824268277812637 0.097385619277541594 -0.086484418958909001 -0.082398076315675084 -0.080622766498872331
leaf_weight=32.202283941209316 105.2430943287909 11.200346440076826 336.83895327523351 437.64055568724871 25.769197981804609 21.178093299269676 9.1471089310944063 3.5686030983924857 54.909922353923321
leaf_count=1304 897 92 1891 3252 498 163 109 69 1664
internal_value=-0.000546632 0.00801485 0.0050412 0.0101198 -0.0249812 0.0911757 -0.0809806 -0.0804255 -0.0803447
internal_weight=1037.7 937.87 905.492 774.48 131.012 32.3784 99.8279 90.6808 87.1122
internal_count=9939 6793 6538 5143 1395 255 3146 3037 2968
is_linear=0
shrinkage=0.077797


Tree=30
num_leaves=13
num_cat=0
split_feature=19 13 13 13 13 18 14 9 14 20 14 20
split_gain=30.0138 21.429 13.2648 9.75603 9.22842 7.78958 6.9456 10.4759 6.85695 6.72093 6.47253 0.3169
threshold=1.0000000180025095e-35 0.59166666666666734 1.7958333333333336 -0.80916666666666692 -0.66833333333333333 1.0000000180025095e-35 0.85916666666666697 4.5000000000000009 -2.4341666666666657 -1.2499999999999998 11.508000000000001 10.250000000000002
decision_type=2 2 2 2 2 2 2 2 2 2 2 2
left_child=1 4 3 11 8 -6 9 -8 -1 -3 -5 -2
right_child=2 6 -4 10 5 -7 7 -9 -10 -11 -12 -13
leaf_value=0.0030355262434164604 -0.082137374622489642 0.0021426961812503081 0.045234336258208746 -0.031693077229570606 -0.012461614635421694 0.0094865584978060385 0.047110765945295389 -0.0082180159472460181 -0.037676881720624375 0.033120119999922717 0.036754550188128461 -0.054500839244615754
leaf_weight=37.871628670021892 23.260862639173869 130.4071392621845 13.316371619701384 130.79917109943926 156.25549922138453 261.91674930788577 100.1904609836638 26.109067142009735 73.888020735234022 62.8057258464396 8.9325050283223373 2.8151098415255538
leaf_count=446 751 772 95 2234 1636 1616 619 158 909 469 139 95
internal_value=-0.000530008 0.00557261 -0.0294699 -0.0354696 -0.00402206 0.00128534 0.021486 0.035673 -0.0238808 0.0122122 -0.0273175 -0.0791538
internal_weight=1028.57 849.444 179.124 165.808 529.932 418.172 319.512 126.3 111.76 193.213 139.732 26.076
internal_count=9939 6625 3314 3219 4607 3252 2018 777 1355 1241 2373 846
is_linear=0
shrinkage=0.077797


Tree=31
num_leaves=14
num_cat=2
split_feature=23 23 13 16 20 0 16 3 0 23 23 14 3
split_gain=43.713 22.7089 21.9883 21.8879 15.9631 13.7833 9.25403 8.7846 8.74229 7.08978 10.8007 4.33005 3.87305
threshold=0.16800000000000001 -0.046349999999999988 0.81916666666666693 1.0000000180025095e-35 1.2500000000000002 0 1.0000000180025095e-35 32.385000000000012 1 0.4850000000000001 0.62035000000000007 1.7725000000000011 29.090000000000003
decision_type=2 2 2 2 2 9 2 2 9 2 2 2 2
left_child=1 3 4 12 -3 6 -2 -4 -5 11 -11 -7 -1
right_child=5 2 7 8 -6 9 -8 -9 -10 10 -12 -13 -14
leaf_value=-0.033453911997204377 -0.052403415911994877 -0.0039653372693605688 0.0022781865666105512 -0.030860134372220932 -0.037786867205360106 0.017765056448942902 0.020326936202616486 0.036660655689257908 0.025444928874794333 0.08576640614221373 0.014996392442722445 0.049443522227258854 -0.070829839690065191
leaf_weight=22.676875999197364 19.373342663049698 385.2680387981236 85.517627824097872 18.176698595285416 108.17626811563969 67.378582641482353 23.349910072982311 94.868111748248339 31.305891163647175 41.034550197422504 19.140019990503788 42.642725855112076 64.530311511829495
leaf_count=706 93 2668 537 114 1734 303 120 569 168 275 96 188 2368
internal_value=-0.000507319 -0.00874799 -0.00288293 -0.0376606 -0.0113799 0.0308625 -0.0102535 0.0203605 0.00366773 0.0394671 0.0632562 0.0300432 -0.0611108
internal_weight=1023.44 810.52 673.83 136.69 493.444 212.919 42.7233 180.386 49.4826 170.196 60.1746 110.021 87.2072
internal_count=9939 8864 5508 3356 4402 1075 213 1106 282 862 371 491 3074
cat_boundaries=0 1 2
cat_threshold=15021056 390
is_linear=0
shrinkage=0.077797


Tree=32
num_leaves=11
num_cat=0
split_feature=22 22 17 22 5 21 17 17 2 2
split_gain=100.795 32.7773 13.5981 11.1024 10.6529 0.228801 0.0436058 0.00145808 0.000809294 0.000341737
threshold=1.0000000180025095e-35 0.97260000000000002 0.05850000000000001 0.8660500000000001 6.745000000000001 4.809591450216451 0.33150000000000007 0.092000000000000012 4.9250000000000007 5.8150000000000004
decision_type=2 2 2 2 2 2 2 2 2 2
left_child=6 2 4 -4 -2 -3 7 9 -9 -1
right_child=1 5 3 -5 -6 -7 -8 8 -10 -11
leaf_value=-0.079471095394757149 0.021751152816536119 0.08041602141299084 0.0081007010187015144 -0.06056400589575215 -0.052261639459865651 0.094432108154947209 -0.085929303136551199 -0.07997000558288439 -0.080602561866960604 -0.080085678660595433
leaf_weight=20.807626143097881 16.273097785189748 12.174425780773165 825.7429953366518 14.502264246344565 42.534868637099862 16.743776924908161 8.5563526041805726 21.386162837967277 28.628419443964958 7.4316888265311709
leaf_count=1042 230 110 5495 72 741 145 109 830 876 289
internal_value=-0.000492545 0.00700665 0.00438439 0.00691558 -0.0317811 0.0885314 -0.0806563 -0.0800797 -0.0803321 -0.0796328
internal_weight=1014.78 927.971 899.053 840.245 58.808 28.9182 86.8102 78.2539 50.0146 28.2393
internal_count=9939 6793 6538 5567 971 255 3146 3037 1706 1331
is_linear=0
shrinkage=0.077797


Tree=33
num_leaves=14
num_cat=1
split_feature=13 14 17 13 3 13 17 5 14 3 5 11 17
split_gain=23.8495 13.5842 12.8652 11.783 11.0595 13.126 8.86761 8.60174 7.79341 6.69459 5.85278 4.96422 3.35449
threshold=-0.62083333333333346 -6.3541666666666634 0.05850000000000001 0.18916666666666651 22.260000000000002 0.77550000000000019 0.33150000000000007 6.745000000000001 -3.3541666666666656 32.385000000000012 6.745000000000001 0 0.11650000000000001
decision_type=2 2 2 2 2 2 2 2 2 2 2 1 2
left_child=6 4 7 -4 5 -2 8 -3 10 -8 -1 -6 -10
right_child=1 2 3 -5 11 -7 9 -9 12 -11 -12 -13 -14
leaf_value=0.047463992018698768 -0.024432581157578459 0.020300793520501442 -0.0020127977750256749 0.019264534852759991 0.013308839768200549 0.051523561247913081 0.030299108438042656 -0.053520326981350043 -0.071427100196676641 -0.030064985066433271 -0.029545597286180576 -0.040811486759001446 -0.037573002368259743
leaf_weight=8.0886374395340699 31.497753279283643 13.65887415409088 249.32637288235128 427.82561034709215 12.258403124287723 24.465575776994228 21.835016831755638 31.782351108267903 39.239293207414448 22.658959750086069 22.837560286745429 69.808464525267482 32.293282767757773
leaf_count=150 325 229 2295 3017 100 186 113 666 1039 131 436 662 590
internal_value=-0.000476568 0.00446934 0.00874116 0.0114303 -0.0178938 0.00877328 -0.0294421 -0.0313309 -0.0420358 -0.000441852 -0.00940401 -0.0360787 -0.0561437
internal_weight=1007.58 860.623 722.593 677.152 138.03 55.9633 146.953 45.4412 102.459 44.494 30.9262 82.0669 71.5326
internal_count=9939 7480 6207 5312 1273 511 2459 895 2215 244 586 762 1629
cat_boundaries=0 1
cat_threshold=18944
is_linear=0
shrinkage=0.077797


Tree=34
num_leaves=11
num_cat=0
split_feature=22 22 23 22 22 6 16 17 15 15
split_gain=91.4431 29.7696 28.8187 63.278 20.0917 0.0870214 0.0348303 0.00123286 0.000197786 4.13678e-05
threshold=1.0000000180025095e-35 0.97260000000000002 -1.0000000180025095e-35 0.16335000000000002 0.12915000000000001 -1.0000000180025095e-35 1.0000000180025095e-35 0.092000000000000012 -0.018333333333333087 0.0066666666666672656
decision_type=2 2 2 2 2 2 2 2 2 2
left_child=6 2 3 -2 -4 -3 7 9 -9 -1
right_child=1 5 4 -5 -6 -7 -8 8 -10 -11
leaf_value=-0.07956104664315207 0.16831281168084447 0.082531765032880844 -0.015161154337208429 -0.010909479822171537 0.0097128594419086146 0.091363716238981416 -0.085320817686613801 -0.08036563869932109 -0.080025681934742438 -0.079362741507109133
leaf_weight=13.536633787676694 20.045410126447678 13.712387084960939 309.71400305069983 29.42649832367897 537.85405446588993 13.302224494516848 7.9754604138433924 15.696739573031662 30.45388793759048 12.020460883155463
leaf_count=677 114 128 3529 125 2770 127 109 533 1173 654
internal_value=-0.000479818 0.00641564 0.00399241 0.0617092 0.000623524 0.0868807 -0.0804437 -0.0799013 -0.0801413 -0.0794678
internal_weight=1003.74 924.055 897.04 49.4719 847.568 27.0146 79.6832 71.7077 46.1506 25.5571
internal_count=9939 6793 6538 239 6299 255 3146 3037 1706 1331
is_linear=0
shrinkage=0.077797


Tree=35
num_leaves=14
num_cat=4
split_feature=23 17 23 17 11 23 11 2 0 23 2 0 2
split_gain=31.2101 16.3606 17.7499 18.9996 12.3665 10.5496 9.55055 8.84475 5.63323 5.55671 4.67937 3.29033 0.000231853
threshold=0.16800000000000001 0.092000000000000012 -0.10084999999999998 0.33150000000000007 0 -0.019599999999999992 1 4.4350000000000014 2 0.33555000000000007 4.4650000000000007 3 4.535000000000001
decision_type=2 2 2 2 1 2 1 2 9 2 2 9 2
left_child=1 5 3 -3 8 12 -7 -4 -2 -10 -6 -12 -1
right_child=4 2 7 -5 10 6 -8 -9 9 -11 11 -13 -14
leaf_value=-0.078996930895033596 0.023333069210846817 -0.071284398670735272 -0.017273257007585224 -0.00033557095349889777 0.079154020574297587 0.0095471841897555743 -0.036546797455812477 0.0075128458678203449 -0.048605002796491437 0.0047679274888886083 0.0025287755804819676 0.041417161330467522 -0.079513030697326084
leaf_weight=7.911423220299187 23.303901679813862 43.703883066773415 107.89253988489509 47.862490635365248 17.336964696645737 40.630170743912458 70.800038106739521 452.91899501904845 22.458467498421669 24.890300035476685 28.255708072334528 91.431699268519878 15.769181383773683
leaf_count=546 124 1714 932 279 94 679 1157 2772 101 134 157 465 785
internal_value=-0.000468912 -0.00754405 -0.00244093 -0.0341989 0.0263592 -0.0321843 -0.0221628 0.00274434 -0.00242815 -0.0169649 0.0385653 0.0359081 -0.0793406
internal_weight=995.166 787.489 652.378 91.5664 207.677 135.111 111.43 560.812 70.6527 47.3488 137.024 119.687 23.6806
internal_count=9939 8864 5697 1993 1075 3167 1836 3704 359 235 716 622 1331
cat_boundaries=0 1 2 3 4
cat_threshold=89632 12438 9470216 13439232
is_linear=0
shrinkage=0.077797


Tree=36
num_leaves=13
num_cat=1
split_feature=22 22 13 20 11 3 18 20 9 13 13 13
split_gain=78.3402 26.6624 13.5447 8.77024 6.97443 0.399597 0.0108557 0.0025115 0.00196752 0.00183996 0.000891961 0.000570897
threshold=1.0000000180025095e-35 0.97260000000000002 1.1491666666666671 1.2500000000000002 0 31.265000000000004 1.0000000180025095e-35 -4.7499999999999991 1.5000000000000002 0.068333333333333815 1.7575000000000001 -0.62083333333333346
decision_type=2 2 2 2 1 2 2 2 2 2 2 2
left_child=6 2 3 -2 -4 -3 10 9 -9 -8 11 -1
right_child=1 5 4 -5 -6 -7 7 8 -10 -11 -12 -13
leaf_value=-0.079032010849374057 0.0030441440822968208 0.071564959768670666 0.051558062043063402 -0.018380960847794371 0.011801383724320836 0.0922132431113072 -0.081627429614367572 -0.081866900528230174 -0.079882559464206221 -0.084116528345630937 -0.081062800733573484 -0.079635304174891661
leaf_weight=13.107661406509576 584.11634626984596 8.735464811325075 32.631035726517439 144.17796073108912 133.92490193247795 16.178364101797342 3.633345813490453 7.1829759981483203 5.2234076987951994 3.5571383368223906 2.2245537023991337 34.430682732723653
leaf_count=885 3601 93 160 2042 735 162 112 214 214 74 59 1588
internal_value=-0.000422343 0.00559002 0.00337989 -0.00119731 0.0233945 0.0849734 -0.080151 -0.0817019 -0.0810314 -0.0828588 -0.0795402 -0.079469
internal_weight=989.124 919.764 894.85 728.294 166.556 24.9138 69.3598 19.5969 12.4064 7.19048 49.7629 47.5383
internal_count=9939 6793 6538 5643 895 255 3146 614 428 186 2532 2473
cat_boundaries=0 1
cat_threshold=69648
is_linear=0
shrinkage=0.077797


end of trees

feature_importances:
racer_win_rate_diff=74
racer_course_win_rate=65
racer_course_advantage=55
course_advantage=39
exhibition_time_diff=33
racer_win_rate=24
wind_course_interaction=23
motor_2ren_diff=21
motor_2ren=20
jyo_cd=18
wind_direction=18
is_course_1=15
exhibition_time=11
motor_exhibition_ratio=10
boat_no=6
is_outer_course=6
wind_speed=5
is_inner_course=5
boat_2ren=4
temperature=4
water_temperature=4
tilt=2
wave_height=1

parameters:
[boosting: gbdt]
[objective: binary]
[metric: binary_logloss]
[tree_learner: serial]
[device_type: cpu]
[data_sample_strategy: bagging]
[data: ]
[valid: ]
[num_iterations: 1000]
[learning_rate: 0.077797]
[num_leaves: 128]
[num_threads: 0]
[seed: 0]
[deterministic: 0]
[force_col_wise: 0]
[force_row_wise: 0]
[histogram_pool_size: -1]
[max_depth: 4]
[min_data_in_leaf: 89]
[min_sum_hessian_in_leaf: 0.001]
[bagging_fraction: 0.779935]
[pos_bagging_fraction: 1]
[neg_bagging_fraction: 1]
[bagging_freq: 0]
[bagging_seed: 3]
[bagging_by_query: 0]
[feature_fraction: 0.506543]
[feature_fraction_bynode: 1]
[feature_fraction_seed: 2]
[extra_trees: 0]
[extra_seed: 6]
[early_stopping_round: 0]
[early_stopping_min_delta: 0]
[first_metric_only: 0]
[max_delta_step: 0]
[lambda_l1: 0]
[lambda_l2: 0]
[linear_lambda: 0]
[min_gain_to_split: 0]
[drop_rate: 0.1]
[max_drop: 50]
[skip_drop: 0.5]
[xgboost_dart_mode: 0]
[uniform_drop: 0]
[drop_seed: 4]
[top_rate: 0.2]
[other_rate: 0.1]
[min_data_per_group: 100]
[max_cat_threshold: 32]
[cat_l2: 10]
[cat_smooth: 10]
[max_cat_to_onehot: 4]
[top_k: 20]
[monotone_constraints: ]
[monotone_constraints_method: basic]
[monotone_penalty: 0]
[feature_contri: ]
[forcedsplits_filename: ]
[refit_decay_rate: 0.9]
[cegb_tradeoff: 1]
[cegb_penalty_split: 0]
[cegb_penalty_feature_lazy: ]
[cegb_penalty_feature_coupled: ]
[path_smooth: 0]
[interaction_constraints: ]
[verbosity: -1]
[saved_feature_importance_type: 0]
[use_quantized_grad: 0]
[num_grad_quant_bins: 4]
[quant_train_renew_leaf: 0]
[stochastic_rounding: 1]
[linear_tree: 0]
[max_bin: 255]
[max_bin_by_feature: ]
[min_data_in_bin: 3]
[bin_construct_sample_cnt: 200000]
[data_random_seed: 1]
[is_enable_sparse: 1]
[enable_bundle: 1]
[use_missing: 1]
[zero_as_missing: 0]
[feature_pre_filter: 1]
[pre_partition: 0]
[two_round: 0]
[header: 0]
[label_column: ]
[weight_column: ]
[group_column: ]
[ignore_column: ]
[categorical_feature: 0,1,11,12]
[forcedbins_filename: ]
[precise_float_parser: 0]
[parser_config_file: ]
[objective_seed: 5]
[num_class: 1]
[is_unbalance: 0]
[scale_pos_weight: 1]
[sigmoid: 1]
[boost_from_average: 1]
[reg_sqrt: 0]
[alpha: 0.9]
[fair_c: 1]
[poisson_max_delta_step: 0.7]
[tweedie_variance_power: 1.5]
[lambdarank_truncation_level: 30]
[lambdarank_norm: 1]
[label_gain: ]
[lambdarank_position_bias_regularization: 0]
[eval_at: ]
[multi_error_top_k: 1]
[auc_mu_weights: ]
[num_machines: 1]
[local_listen_port: 12400]
[time_out: 120]
[machine_list_filename: ]
[machines: ]
[gpu_platform_id: -1]
[gpu_device_id: -1]
[gpu_use_dp: 0]
[num_gpu: 1]

end of parameters

pandas_categorical:[]
